image_width: 1280
image_height: 960
camera_name: elp_right
camera_matrix:
  rows: 3
  cols: 3
  data: [865.044375, 0.000000, 700.423638, 0.000000, 864.879436, 524.136101, 0.000000, 0.000000, 1.000000]
distortion_model: plumb_bob
distortion_coefficients:
  rows: 1
  cols: 5
  data: [-0.360108, 0.097999, 0.001240, 0.000074, 0.000000]
rectification_matrix:
  rows: 3
  cols: 3
  data: [0.997988, 0.003679, -0.063298, -0.003629, 0.999993, 0.000901, 0.063301, -0.000670, 0.997994]
projection_matrix:
  rows: 3
  cols: 4
  data: [760.386810, 0.000000, 838.072693, -44.369751, 0.000000, 760.386810, 552.183167, 0.000000, 0.000000, 0.000000, 1.000000, 0.000000]
