image_width: 1280
image_height: 960
camera_name: elp_left
camera_matrix:
  rows: 3
  cols: 3
  data: [862.930639, 0.000000, 705.181758, 0.000000, 861.656962, 525.008761, 0.000000, 0.000000, 1.000000]
distortion_model: plumb_bob
distortion_coefficients:
  rows: 1
  cols: 5
  data: [-0.365464, 0.105591, 0.002837, 0.001048, 0.000000]
rectification_matrix:
  rows: 3
  cols: 3
  data: [0.998855, 0.001365, -0.047821, -0.001403, 0.999999, -0.000753, 0.047820, 0.000819, 0.998856]
projection_matrix:
  rows: 3
  cols: 4
  data: [760.386810, 0.000000, 838.072693, 0.000000, 0.000000, 760.386810, 552.183167, 0.000000, 0.000000, 0.000000, 1.000000, 0.000000]
